1	96
2	96
3	96
4	96
5	96
6	96
7	96
8	96
9	96
10	96
11	12
12	11
13	11
14	11
15	11
16	11
17	11
18	11
19	11
20	97
10	98
21	99
14	1
22	1
9	1
23	2
24	2
11	13
8	13
25	34
26	34
27	94
8	100
28	101
29	101
8	101
30	101
25	65
31	65
25	66
32	90
23	52
33	52
11	14
2	14
34	14
35	14
28	14
36	14
37	14
23	14
33	14
5	14
38	14
39	14
40	14
6	14
41	14
8	14
15	47
42	45
43	45
44	45
45	42
32	91
22	20
46	20
11	15
47	15
25	67
14	35
48	35
49	35
14	36
14	102
11	16
23	53
11	103
23	103
14	37
5	37
50	93
51	93
34	23
52	23
14	23
53	23
33	23
54	23
25	23
55	23
56	23
48	23
49	23
9	23
25	68
52	33
14	33
54	33
6	33
48	33
49	33
57	104
58	4
25	4
14	5
37	5
23	5
59	5
29	64
30	64
5	59
38	59
14	38
59	38
60	38
23	54
33	54
1	22
61	22
10	24
62	95
45	43
45	44
14	40
25	69
63	69
14	29
64	29
6	29
8	29
65	25
66	25
14	25
67	25
28	25
23	25
68	25
4	25
5	25
69	25
70	25
23	55
6	55
14	6
33	6
55	6
25	78
71	78
23	56
72	56
7	79
73	79
74	79
33	77
48	77
49	77
75	77
76	77
33	48
77	48
49	48
21	48
77	49
48	49
21	49
78	71
25	70
79	7
73	7
80	7
11	17
38	60
14	41
81	87
82	86
22	61
79	73
83	73
65	31
84	31
85	31
86	82
87	81
69	63
88	89
89	88
90	32
91	32
23	8
4	8
39	8
25	8
92	8
93	50
94	27
31	84
11	18
14	30
64	30
6	30
95	62
34	26
33	75
8	75
93	51
11	19
73	83
1	10
7	80
74	80
77	76
56	72
79	74
73	74
80	74
